Instances(num_instances=10, image_height=1080, image_width=1318, 
fields=[pred_boxes: Boxes(tensor([[ 457.7895,  253.1947,  758.7779,  510.6781],
        [ 916.3007,   47.3733, 1205.7659,  387.8308],
        [ 622.8804,  447.0499,  923.1288,  819.0048],
        [1100.3889,  818.5264, 1260.6827,  996.4133],
        [  17.7874,  152.7043,  454.0653,  553.7269],
        [  61.0455,  485.7986,  586.6885, 1067.9565],
        [ 662.4084,  723.1486, 1102.4901, 1080.0000],
        [ 208.0454,  457.9104,  726.5438, 1055.5172],
        [ 933.9312,    8.1471, 1045.4949,   99.3721],
        [ 599.8743,  458.0169,  716.4307,  554.8528]], device='cuda:0')),
scores: tensor([0.9120, 0.8763, 0.8499, 0.8471, 0.8325, 0.7876, 0.7362, 0.6679, 0.6533, 0.5525], device='cuda:0'),
pred_classes: tensor([0, 0, 0, 1, 0, 0, 0, 0, 1, 1], device='cuda:0'), 
locations: tensor([[440., 280.],
        [784., 144.],
        [560., 464.],
        [872., 680.],
        [176., 240.],
        [224., 544.],
        [656., 688.],
        [352., 544.],
        [732.,  36.],
        [488., 376.]], device='cuda:0'), 
        top_feat: tensor([[-1.1860e-01,  5.9546e-01,  7.0405e-02,  ...,  3.6444e+00,


fpn_levels: tensor([2, 2, 2, 1, 1, 1, 3, 1, 2, 1, 0, 1, 1, 1], device='cuda:0'),
 im_inds: tensor([0, 0, 0, 0, 0, 0, 0, 0, 0, 0, 0, 0, 0, 0], device='cuda:0'),
  mask_head_params: tensor([[-0.0824,  0.3160, -0.0171,  ...,  2.5496, -0.6460,  2.4692],
        [-0.0913,  0.4165,  0.0361,  ...,  3.1425, -1.3435,  3.8618],
        [-0.0496,  0.4189,  0.0047,  ...,  2.8408, -0.9811,  3.0261],
        ...,
        [-0.0228,  0.2821, -0.0215,  ...,  2.4262, -0.6966,  2.6157],
        [ 0.0114,  0.3404,  0.0220,  ...,  2.4154, -0.6963,  2.5483],
        [-0.0898,  0.4035,  0.0804,  ...,  3.2403, -1.1235,  3.9650]],
       device='cuda:0'), 
       
       pred_global_masks: tensor([[[[0.0000e+00, 0.0000e+00, 0.0000e+00,  ..., 0.0000e+00,
           0.0000e+00, 0.0000e+00],
          [0.0000e+00, 0.0000e+00, 0.0000e+00,  ..., 0.0000e+00,
           0.0000e+00, 0.0000e+00],
          [0.0000e+00, 0.0000e+00, 0.0000e+00,  ..., 0.0000e+00,
           0.0000e+00, 0.0000e+00],
          ...,
          [0.0000e+00, 0.0000e+00, 0.0000e+00,  ..., 0.0000e+00,
           0.0000e+00, 8.7191e-38],
          [0.0000e+00, 0.0000e+00, 0.0000e+00,  ..., 0.0000e+00,
        


        pred_masks: tensor([[[0., 0., 0.,  ..., 0., 0., 0.],